# 3.1 conjugate conduction: L=200 kappa=100 D0=0.05
# x/L  theta_num  theta_ana
0.00250000 9.9996882793e-01 9.9996882793e-01
0.00750000 9.9990648379e-01 9.9990648379e-01
0.01250000 9.9984413965e-01 9.9984413965e-01
0.01750000 9.9978179551e-01 9.9978179551e-01
0.02250000 9.9971945137e-01 9.9971945137e-01
0.02750000 9.9965710723e-01 9.9965710723e-01
0.03250000 9.9959476309e-01 9.9959476309e-01
0.03750000 9.9953241895e-01 9.9953241895e-01
0.04250000 9.9947007481e-01 9.9947007481e-01
0.04750000 9.9940773067e-01 9.9940773067e-01
0.05250000 9.9934538653e-01 9.9934538653e-01
0.05750000 9.9928304239e-01 9.9928304239e-01
0.06250000 9.9922069825e-01 9.9922069825e-01
0.06750000 9.9915835411e-01 9.9915835411e-01
0.07250000 9.9909600997e-01 9.9909600998e-01
0.07750000 9.9903366583e-01 9.9903366584e-01
0.08250000 9.9897132170e-01 9.9897132170e-01
0.08750000 9.9890897756e-01 9.9890897756e-01
0.09250000 9.9884663342e-01 9.9884663342e-01
0.09750000 9.9878428928e-01 9.9878428928e-01
0.10250000 9.9872194514e-01 9.9872194514e-01
0.10750000 9.9865960100e-01 9.9865960100e-01
0.11250000 9.9859725686e-01 9.9859725686e-01
0.11750000 9.9853491272e-01 9.9853491272e-01
0.12250000 9.9847256858e-01 9.9847256858e-01
0.12750000 9.9841022444e-01 9.9841022444e-01
0.13250000 9.9834788030e-01 9.9834788030e-01
0.13750000 9.9828553616e-01 9.9828553616e-01
0.14250000 9.9822319202e-01 9.9822319202e-01
0.14750000 9.9816084788e-01 9.9816084788e-01
0.15250000 9.9809850374e-01 9.9809850374e-01
0.15750000 9.9803615960e-01 9.9803615960e-01
0.16250000 9.9797381546e-01 9.9797381546e-01
0.16750000 9.9791147132e-01 9.9791147132e-01
0.17250000 9.9784912718e-01 9.9784912718e-01
0.17750000 9.9778678304e-01 9.9778678304e-01
0.18250000 9.9772443890e-01 9.9772443890e-01
0.18750000 9.9766209476e-01 9.9766209476e-01
0.19250000 9.9759975062e-01 9.9759975062e-01
0.19750000 9.9753740648e-01 9.9753740648e-01
0.20250000 9.9438902743e-01 9.9438902743e-01
0.20750000 9.8815461346e-01 9.8815461347e-01
0.21250000 9.8192019949e-01 9.8192019950e-01
0.21750000 9.7568578552e-01 9.7568578554e-01
0.22250000 9.6945137156e-01 9.6945137157e-01
0.22750000 9.6321695759e-01 9.6321695761e-01
0.23250000 9.5698254362e-01 9.5698254364e-01
0.23750000 9.5074812965e-01 9.5074812968e-01
0.24250000 9.4451371568e-01 9.4451371571e-01
0.24750000 9.3827930171e-01 9.3827930175e-01
0.25250000 9.3204488775e-01 9.3204488778e-01
0.25750000 9.2581047378e-01 9.2581047382e-01
0.26250000 9.1957605981e-01 9.1957605985e-01
0.26750000 9.1334164584e-01 9.1334164589e-01
0.27250000 9.0710723187e-01 9.0710723192e-01
0.27750000 9.0087281791e-01 9.0087281796e-01
0.28250000 8.9463840394e-01 8.9463840399e-01
0.28750000 8.8840398997e-01 8.8840399002e-01
0.29250000 8.8216957600e-01 8.8216957606e-01
0.29750000 8.7593516203e-01 8.7593516209e-01
0.30250000 8.6970074807e-01 8.6970074813e-01
0.30750000 8.6346633410e-01 8.6346633416e-01
0.31250000 8.5723192013e-01 8.5723192020e-01
0.31750000 8.5099750616e-01 8.5099750623e-01
0.32250000 8.4476309220e-01 8.4476309227e-01
0.32750000 8.3852867823e-01 8.3852867830e-01
0.33250000 8.3229426426e-01 8.3229426434e-01
0.33750000 8.2605985029e-01 8.2605985037e-01
0.34250000 8.1982543632e-01 8.1982543641e-01
0.34750000 8.1359102236e-01 8.1359102244e-01
0.35250000 8.0735660839e-01 8.0735660848e-01
0.35750000 8.0112219442e-01 8.0112219451e-01
0.36250000 7.9488778045e-01 7.9488778055e-01
0.36750000 7.8865336649e-01 7.8865336658e-01
0.37250000 7.8241895252e-01 7.8241895262e-01
0.37750000 7.7618453855e-01 7.7618453865e-01
0.38250000 7.6995012458e-01 7.6995012469e-01
0.38750000 7.6371571062e-01 7.6371571072e-01
0.39250000 7.5748129665e-01 7.5748129676e-01
0.39750000 7.5124688268e-01 7.5124688279e-01
0.40250000 7.4501246872e-01 7.4501246883e-01
0.40750000 7.3877805475e-01 7.3877805486e-01
0.41250000 7.3254364078e-01 7.3254364090e-01
0.41750000 7.2630922681e-01 7.2630922693e-01
0.42250000 7.2007481285e-01 7.2007481297e-01
0.42750000 7.1384039888e-01 7.1384039900e-01
0.43250000 7.0760598491e-01 7.0760598504e-01
0.43750000 7.0137157095e-01 7.0137157107e-01
0.44250000 6.9513715698e-01 6.9513715711e-01
0.44750000 6.8890274301e-01 6.8890274314e-01
0.45250000 6.8266832905e-01 6.8266832918e-01
0.45750000 6.7643391508e-01 6.7643391521e-01
0.46250000 6.7019950111e-01 6.7019950125e-01
0.46750000 6.6396508715e-01 6.6396508728e-01
0.47250000 6.5773067318e-01 6.5773067332e-01
0.47750000 6.5149625921e-01 6.5149625935e-01
0.48250000 6.4526184525e-01 6.4526184539e-01
0.48750000 6.3902743128e-01 6.3902743142e-01
0.49250000 6.3279301731e-01 6.3279301746e-01
0.49750000 6.2655860335e-01 6.2655860349e-01
0.50250000 6.2032418938e-01 6.2032418953e-01
0.50750000 6.1408977541e-01 6.1408977556e-01
0.51250000 6.0785536145e-01 6.0785536160e-01
0.51750000 6.0162094748e-01 6.0162094763e-01
0.52250000 5.9538653352e-01 5.9538653367e-01
0.52750000 5.8915211955e-01 5.8915211970e-01
0.53250000 5.8291770558e-01 5.8291770574e-01
0.53750000 5.7668329162e-01 5.7668329177e-01
0.54250000 5.7044887765e-01 5.7044887781e-01
0.54750000 5.6421446369e-01 5.6421446384e-01
0.55250000 5.5798004972e-01 5.5798004988e-01
0.55750000 5.5174563576e-01 5.5174563591e-01
0.56250000 5.4551122179e-01 5.4551122195e-01
0.56750000 5.3927680782e-01 5.3927680798e-01
0.57250000 5.3304239386e-01 5.3304239401e-01
0.57750000 5.2680797989e-01 5.2680798005e-01
0.58250000 5.2057356593e-01 5.2057356608e-01
0.58750000 5.1433915196e-01 5.1433915212e-01
0.59250000 5.0810473800e-01 5.0810473815e-01
0.59750000 5.0187032403e-01 5.0187032419e-01
0.60250000 4.9563591007e-01 4.9563591022e-01
0.60750000 4.8940149610e-01 4.8940149626e-01
0.61250000 4.8316708214e-01 4.8316708229e-01
0.61750000 4.7693266817e-01 4.7693266833e-01
0.62250000 4.7069825421e-01 4.7069825436e-01
0.62750000 4.6446384024e-01 4.6446384040e-01
0.63250000 4.5822942628e-01 4.5822942643e-01
0.63750000 4.5199501231e-01 4.5199501247e-01
0.64250000 4.4576059835e-01 4.4576059850e-01
0.64750000 4.3952618438e-01 4.3952618454e-01
0.65250000 4.3329177042e-01 4.3329177057e-01
0.65750000 4.2705735646e-01 4.2705735661e-01
0.66250000 4.2082294249e-01 4.2082294264e-01
0.66750000 4.1458852853e-01 4.1458852868e-01
0.67250000 4.0835411456e-01 4.0835411471e-01
0.67750000 4.0211970060e-01 4.0211970075e-01
0.68250000 3.9588528663e-01 3.9588528678e-01
0.68750000 3.8965087267e-01 3.8965087282e-01
0.69250000 3.8341645871e-01 3.8341645885e-01
0.69750000 3.7718204474e-01 3.7718204489e-01
0.70250000 3.7094763078e-01 3.7094763092e-01
0.70750000 3.6471321681e-01 3.6471321696e-01
0.71250000 3.5847880285e-01 3.5847880299e-01
0.71750000 3.5224438889e-01 3.5224438903e-01
0.72250000 3.4600997492e-01 3.4600997506e-01
0.72750000 3.3977556096e-01 3.3977556110e-01
0.73250000 3.3354114700e-01 3.3354114713e-01
0.73750000 3.2730673303e-01 3.2730673317e-01
0.74250000 3.2107231907e-01 3.2107231920e-01
0.74750000 3.1483790511e-01 3.1483790524e-01
0.75250000 3.0860349114e-01 3.0860349127e-01
0.75750000 3.0236907718e-01 3.0236907731e-01
0.76250000 2.9613466322e-01 2.9613466334e-01
0.76750000 2.8990024925e-01 2.8990024938e-01
0.77250000 2.8366583529e-01 2.8366583541e-01
0.77750000 2.7743142133e-01 2.7743142145e-01
0.78250000 2.7119700736e-01 2.7119700748e-01
0.78750000 2.6496259340e-01 2.6496259352e-01
0.79250000 2.5872817944e-01 2.5872817955e-01
0.79750000 2.5249376547e-01 2.5249376559e-01
0.80250000 2.4625935151e-01 2.4625935162e-01
0.80750000 2.4002493755e-01 2.4002493766e-01
0.81250000 2.3379052359e-01 2.3379052369e-01
0.81750000 2.2755610962e-01 2.2755610973e-01
0.82250000 2.2132169566e-01 2.2132169576e-01
0.82750000 2.1508728170e-01 2.1508728180e-01
0.83250000 2.0885286773e-01 2.0885286783e-01
0.83750000 2.0261845377e-01 2.0261845387e-01
0.84250000 1.9638403981e-01 1.9638403990e-01
0.84750000 1.9014962585e-01 1.9014962594e-01
0.85250000 1.8391521188e-01 1.8391521197e-01
0.85750000 1.7768079792e-01 1.7768079800e-01
0.86250000 1.7144638396e-01 1.7144638404e-01
0.86750000 1.6521197000e-01 1.6521197007e-01
0.87250000 1.5897755603e-01 1.5897755611e-01
0.87750000 1.5274314207e-01 1.5274314214e-01
0.88250000 1.4650872811e-01 1.4650872818e-01
0.88750000 1.4027431415e-01 1.4027431421e-01
0.89250000 1.3403990018e-01 1.3403990025e-01
0.89750000 1.2780548622e-01 1.2780548628e-01
0.90250000 1.2157107226e-01 1.2157107232e-01
0.90750000 1.1533665830e-01 1.1533665835e-01
0.91250000 1.0910224434e-01 1.0910224439e-01
0.91750000 1.0286783037e-01 1.0286783042e-01
0.92250000 9.6633416411e-02 9.6633416459e-02
0.92750000 9.0399002449e-02 9.0399002494e-02
0.93250000 8.4164588487e-02 8.4164588529e-02
0.93750000 7.7930174525e-02 7.7930174564e-02
0.94250000 7.1695760563e-02 7.1695760599e-02
0.94750000 6.5461346601e-02 6.5461346633e-02
0.95250000 5.9226932638e-02 5.9226932668e-02
0.95750000 5.2992518676e-02 5.2992518703e-02
0.96250000 4.6758104714e-02 4.6758104738e-02
0.96750000 4.0523690752e-02 4.0523690773e-02
0.97250000 3.4289276790e-02 3.4289276808e-02
0.97750000 2.8054862829e-02 2.8054862843e-02
0.98250000 2.1820448867e-02 2.1820448878e-02
0.98750000 1.5586034905e-02 1.5586034913e-02
0.99250000 9.3516209428e-03 9.3516209476e-03
0.99750000 3.1172069809e-03 3.1172069825e-03
