# thermal lid cavity Ri=10 Gr=1e+06 Pr=0.71 N=129 op=CentralMoments
# velocity scale is max(U, u_c) = 0.150000
# s  u_x(0.5,s)  u_y(s,0.5)  theta(0.5,s)  theta(s,0.5)
0.00000000 0.00000000e+00 0.00000000e+00 1.00000000e+00 5.00000000e-01
0.00781250 4.94802976e-02 -4.98635761e-02 9.61226263e-01 4.36989763e-01
0.01562500 9.66414832e-02 -8.75955375e-02 9.22602416e-01 4.37681825e-01
0.02343750 1.40507330e-01 -1.12782637e-01 8.84300721e-01 4.39298080e-01
0.03125000 1.80300062e-01 -1.28125088e-01 8.46608987e-01 4.42049993e-01
0.03906250 2.15290777e-01 -1.36293939e-01 8.09939031e-01 4.45979521e-01
0.04687500 2.44939433e-01 -1.39594212e-01 7.74802703e-01 4.50986627e-01
0.05468750 2.68972260e-01 -1.39807605e-01 7.41766397e-01 4.56874622e-01
0.06250000 2.87398651e-01 -1.38181722e-01 7.11390315e-01 4.63402525e-01
0.07031250 3.00478865e-01 -1.35514708e-01 6.84163102e-01 4.70331280e-01
0.07812500 3.08660899e-01 -1.32277513e-01 6.60444413e-01 4.77454766e-01
0.08593750 3.12506527e-01 -1.28730263e-01 6.40426355e-01 4.84613459e-01
0.09375000 3.12622971e-01 -1.25011046e-01 6.24120002e-01 4.91694354e-01
0.10156250 3.09610158e-01 -1.21193607e-01 6.11367008e-01 4.98623109e-01
0.10937500 3.04026666e-01 -1.17320239e-01 6.01870888e-01 5.05353806e-01
0.11718750 2.96372348e-01 -1.13418514e-01 5.95239451e-01 5.11859696e-01
0.12500000 2.87083067e-01 -1.09509012e-01 5.91029577e-01 5.18126259e-01
0.13281250 2.76532647e-01 -1.05608593e-01 5.88787372e-01 5.24146612e-01
0.14062500 2.65038106e-01 -1.01731711e-01 5.88079530e-01 5.29918708e-01
0.14843750 2.52865721e-01 -9.78909262e-02 5.88514533e-01 5.35443708e-01
0.15625000 2.40236706e-01 -9.40971277e-02 5.89754330e-01 5.40725025e-01
0.16406250 2.27332193e-01 -9.03596532e-02 5.91518334e-01 5.45767746e-01
0.17187500 2.14297592e-01 -8.66863858e-02 5.93581928e-01 5.50578225e-01
0.17968750 2.01246586e-01 -8.30838461e-02 5.95771550e-01 5.55163797e-01
0.18750000 1.88264935e-01 -7.95572889e-02 5.97958019e-01 5.59532528e-01
0.19531250 1.75414205e-01 -7.61108028e-02 6.00049302e-01 5.63693019e-01
0.20312500 1.62735415e-01 -7.27474137e-02 6.01983494e-01 5.67654234e-01
0.21093750 1.50252552e-01 -6.94691876e-02 6.03722443e-01 5.71425350e-01
0.21875000 1.37975880e-01 -6.62773331e-02 6.05246223e-01 5.75015637e-01
0.22656250 1.25904955e-01 -6.31723004e-02 6.06548506e-01 5.78434348e-01
0.23437500 1.14031299e-01 -6.01538759e-02 6.07632789e-01 5.81690642e-01
0.24218750 1.02340689e-01 -5.72212722e-02 6.08509404e-01 5.84793505e-01
0.25000000 9.08150549e-02 -5.43732116e-02 6.09193201e-01 5.87751702e-01
0.25781250 7.94340043e-02 -5.16080032e-02 6.09701812e-01 5.90573734e-01
0.26562500 6.81759896e-02 -4.89236130e-02 6.10054397e-01 5.93267805e-01
0.27343750 5.70191664e-02 -4.63177282e-02 6.10270790e-01 5.95841803e-01
0.28125000 4.59419793e-02 -4.37878136e-02 6.10370977e-01 5.98303286e-01
0.28906250 3.49235236e-02 -4.13311623e-02 6.10374831e-01 6.00659475e-01
0.29687500 2.39437249e-02 -3.89449399e-02 6.10302060e-01 6.02917255e-01
0.30468750 1.29833801e-02 -3.66262232e-02 6.10172325e-01 6.05083174e-01
0.31250000 2.02409669e-03 -3.43720324e-02 6.10005470e-01 6.07163457e-01
0.32031250 -8.95183299e-03 -3.21793597e-02 6.09821851e-01 6.09164010e-01
0.32812500 -1.99615927e-02 -3.00451923e-02 6.09642711e-01 6.11090435e-01
0.33593750 -3.10220098e-02 -2.79665312e-02 6.09490579e-01 6.12948045e-01
0.34375000 -4.21497045e-02 -2.59404068e-02 6.09389659e-01 6.14741875e-01
0.35156250 -5.33612005e-02 -2.39638903e-02 6.09366169e-01 6.16476701e-01
0.35937500 -6.46729771e-02 -2.20341029e-02 6.09448584e-01 6.18157052e-01
0.36718750 -7.61014468e-02 -2.01482217e-02 6.09667750e-01 6.19787231e-01
0.37500000 -8.76628450e-02 -1.83034833e-02 6.10056781e-01 6.21371328e-01
0.38281250 -9.93730189e-02 -1.64971858e-02 6.10650682e-01 6.22913234e-01
0.39062500 -1.11247103e-01 -1.47266887e-02 6.11485588e-01 6.24416660e-01
0.39843750 -1.23299067e-01 -1.29894109e-02 6.12597498e-01 6.25885150e-01
0.40625000 -1.35541125e-01 -1.12828283e-02 6.14020354e-01 6.27322096e-01
0.41406250 -1.47982976e-01 -9.60446949e-03 6.15783284e-01 6.28730751e-01
0.42187500 -1.60630850e-01 -7.95191085e-03 6.17906814e-01 6.30114242e-01
0.42968750 -1.73486336e-01 -6.32277084e-03 6.20397829e-01 6.31475585e-01
0.43750000 -1.86544935e-01 -4.71470364e-03 6.23243105e-01 6.32817699e-01
0.44531250 -1.99794323e-01 -3.12539231e-03 6.26401284e-01 6.34143410e-01
0.45312500 -2.13212305e-01 -1.55254150e-03 6.29793324e-01 6.35455472e-01
0.46093750 -2.26764503e-01 6.13008533e-06 6.33291677e-01 6.36756574e-01
0.46875000 -2.40401878e-01 1.55289749e-03 6.36708843e-01 6.38049349e-01
0.47656250 -2.54058295e-01 3.09003740e-03 6.39786440e-01 6.39336389e-01
0.48437500 -2.67648472e-01 4.61983618e-03 6.42186536e-01 6.40620252e-01
0.49218750 -2.81066722e-01 6.14459783e-03 6.43487680e-01 6.41903473e-01
0.50000000 -2.94187014e-01 7.66665203e-03 6.43188575e-01 6.43188575e-01
0.50781250 -3.06864786e-01 9.18836197e-03 6.40722606e-01 6.44478080e-01
0.51562500 -3.18940798e-01 1.07121321e-02 6.35485986e-01 6.45774515e-01
0.52343750 -3.30246980e-01 1.22404157e-02 6.26881068e-01 6.47080426e-01
0.53125000 -3.40613759e-01 1.37757222e-02 6.14373979e-01 6.48398388e-01
0.53906250 -3.49877924e-01 1.53206242e-02 5.97562504e-01 6.49731013e-01
0.54687500 -3.57889775e-01 1.68777642e-02 5.76246386e-01 6.51080960e-01
0.55468750 -3.64518340e-01 1.84498609e-02 5.50488975e-01 6.52450951e-01
0.56250000 -3.69653853e-01 2.00397153e-02 5.20657546e-01 6.53843774e-01
0.57031250 -3.73207467e-01 2.16502157e-02 4.87430804e-01 6.55262300e-01
0.57812500 -3.75109067e-01 2.32843430e-02 4.51766554e-01 6.56709492e-01
0.58593750 -3.75304695e-01 2.49451742e-02 4.14829698e-01 6.58188412e-01
0.59375000 -3.73755255e-01 2.66358867e-02 3.77889112e-01 6.59702241e-01
0.60156250 -3.70437615e-01 2.83597600e-02 3.42198958e-01 6.61254279e-01
0.60937500 -3.65348281e-01 3.01201775e-02 3.08883638e-01 6.62847965e-01
0.61718750 -3.58508649e-01 3.19206266e-02 2.78844538e-01 6.64486879e-01
0.62500000 -3.49970136e-01 3.37646974e-02 2.52701400e-01 6.66174756e-01
0.63281250 -3.39817270e-01 3.56560792e-02 2.30773316e-01 6.67915492e-01
0.64062500 -3.28167387e-01 3.75985551e-02 2.13096451e-01 6.69713147e-01
0.64843750 -3.15166459e-01 3.95959928e-02 1.99469546e-01 6.71571952e-01
0.65625000 -3.00981610e-01 4.16523325e-02 1.89515376e-01 6.73496307e-01
0.66406250 -2.85791586e-01 4.37715688e-02 1.82746474e-01 6.75490775e-01
0.67187500 -2.69776741e-01 4.59577266e-02 1.78625773e-01 6.77560073e-01
0.67968750 -2.53109983e-01 4.82148285e-02 1.76616236e-01 6.79709053e-01
0.68750000 -2.35949654e-01 5.05468508e-02 1.76216930e-01 6.81942676e-01
0.69531250 -2.18434818e-01 5.29576654e-02 1.76985710e-01 6.84265972e-01
0.70312500 -2.00682901e-01 5.54509629e-02 1.78550386e-01 6.86683986e-01
0.71093750 -1.82789326e-01 5.80301511e-02 1.80611065e-01 6.89201709e-01
0.71875000 -1.64828589e-01 6.06982230e-02 1.82936466e-01 6.91823980e-01
0.72656250 -1.46856232e-01 6.34575851e-02 1.85356638e-01 6.94555370e-01
0.73437500 -1.28911226e-01 6.63098350e-02 1.87754006e-01 6.97400021e-01
0.74218750 -1.11018436e-01 6.92554775e-02 1.90054103e-01 7.00361462e-01
0.75000000 -9.31909325e-02 7.22935634e-02 1.92216814e-01 7.03442363e-01
0.75781250 -7.54320616e-02 7.54212354e-02 1.94228593e-01 7.06644245e-01
0.76562500 -5.77372307e-02 7.86331628e-02 1.96095812e-01 7.09967128e-01
0.77343750 -4.00954479e-02 8.19208492e-02 1.97839227e-01 7.13409104e-01
0.78125000 -2.24906580e-02 8.52717950e-02 1.99489402e-01 7.16965850e-01
0.78906250 -4.90294004e-03 8.86685061e-02 2.01082902e-01 7.20630047e-01
0.79687500 1.26903692e-02 9.20873457e-02 2.02659014e-01 7.24390734e-01
0.80468750 3.03135638e-02 9.54972416e-02 2.04256750e-01 7.28232589e-01
0.81250000 4.79914083e-02 9.88582855e-02 2.05911888e-01 7.32135153e-01
0.82031250 6.57478702e-02 1.02120289e-01 2.07653809e-01 7.36072022e-01
0.82812500 8.36046890e-02 1.05221398e-01 2.09501924e-01 7.40010043e-01
0.83593750 1.01579721e-01 1.08086932e-01 2.11461491e-01 7.43908563e-01
0.84375000 1.19685000e-01 1.10628631e-01 2.13518697e-01 7.47718785e-01
0.85156250 1.37924443e-01 1.12744595e-01 2.15634951e-01 7.51383320e-01
0.85937500 1.56291118e-01 1.14320205e-01 2.17740491e-01 7.54836005e-01
0.86718750 1.74763954e-01 1.15230340e-01 2.19727580e-01 7.58002099e-01
0.87500000 1.93303743e-01 1.15343200e-01 2.21443860e-01 7.60798967e-01
0.88281250 2.11848210e-01 1.14525955e-01 2.22686776e-01 7.63137412e-01
0.89062500 2.30305872e-01 1.12652287e-01 2.23200334e-01 7.64923837e-01
0.89843750 2.48548377e-01 1.09611725e-01 2.22675832e-01 7.66063508e-01
0.90625000 2.66401137e-01 1.05320368e-01 2.20758358e-01 7.66465290e-01
0.91406250 2.83632414e-01 9.97323646e-02 2.17060694e-01 7.66048287e-01
0.92187500 2.99941798e-01 9.28512433e-02 2.11185624e-01 7.64750887e-01
0.92968750 3.14950374e-01 8.47400493e-02 2.02756287e-01 7.62542585e-01
0.93750000 3.28196690e-01 7.55291846e-02 1.91452392e-01 7.59438659e-01
0.94531250 3.39144684e-01 6.54209325e-02 1.77047988e-01 7.55517091e-01
0.95312500 3.47211113e-01 5.46898142e-02 1.59444922e-01 7.50936180e-01
0.96093750 3.51819749e-01 4.36781121e-02 1.38695795e-01 7.45950064e-01
0.96875000 3.52486616e-01 3.27860216e-02 1.15011934e-01 7.40918246e-01
0.97656250 3.48934427e-01 2.24558503e-02 8.87554884e-02 7.36304573e-01
0.98437500 3.41227381e-01 1.31497035e-02 6.04193325e-02 7.32661500e-01
0.99218750 3.29899209e-01 5.31837946e-03 3.06025436e-02 7.30597129e-01
1.00000000 3.16227766e-01 0.00000000e+00 0.00000000e+00 5.00000000e-01
