# 3.4 normal plate velocity: H=200 Pe=100 tau=0.8 walls=moment
# y/H  theta_num  theta_ana
0.00500000 1.6653345369e-15 2.4132924143e-44
0.01000000 3.3861802251e-15 6.3921389501e-44
0.01500000 5.2180482157e-15 1.2952147867e-43
0.02000000 7.4384942650e-15 2.3767774103e-43
0.02500000 9.6589403142e-15 4.1599727135e-43
0.03000000 1.1823875212e-14 7.0999647397e-43
0.03500000 1.3988810110e-14 1.1947192129e-42
0.04000000 1.5820678101e-14 1.9938919030e-42
0.04500000 1.7541523789e-14 3.3115049161e-42
0.05000000 1.9373391780e-14 5.4838815173e-42
0.05500000 2.1149748619e-14 9.0655250277e-42
0.06000000 2.2981616610e-14 1.4970656867e-41
0.06500000 2.5202062659e-14 2.4706573338e-41
0.07000000 2.7422508708e-14 4.0758385912e-41
0.07500000 2.9587443606e-14 6.7223350737e-41
0.08000000 3.1752378504e-14 1.1085670117e-40
0.08500000 3.3584246495e-14 1.8279593415e-40
0.09000000 3.5305092183e-14 3.0140367775e-40
0.09500000 3.7136960174e-14 4.9695478749e-40
0.10000000 3.8913317013e-14 8.1936406164e-40
0.10500000 4.0745185004e-14 1.3509270898e-39
0.11000000 4.2965631053e-14 2.2273263610e-39
0.11500000 4.5186077102e-14 3.6722644812e-39
0.12000000 4.7351012000e-14 6.0545646946e-39
0.12500000 4.9515946898e-14 9.9823137298e-39
0.13000000 5.1347814889e-14 1.6458077110e-38
0.13500000 5.3068660577e-14 2.7134805939e-38
0.14000000 5.4900528568e-14 4.4737755861e-38
0.14500000 5.6676885407e-14 7.3760113824e-38
0.15000000 5.8508753398e-14 1.2160989272e-37
0.15500000 6.0729199447e-14 2.0050084100e-37
0.16000000 6.2949645496e-14 3.3057002548e-37
0.16500000 6.5114580394e-14 5.4501785659e-37
0.17000000 6.7279515292e-14 8.9858255720e-37
0.17500000 6.9111383283e-14 1.4815121997e-36
0.18000000 7.0832228971e-14 2.4426007005e-36
0.18500000 7.2664096962e-14 4.0271677549e-36
0.19000000 7.4440453801e-14 6.6396771624e-36
0.19500000 7.6272321792e-14 1.0946976992e-35
0.20000000 7.8492767841e-14 1.8048513841e-35
0.20500000 8.0713213890e-14 2.9756968699e-35
0.21000000 8.2878148788e-14 4.9060947269e-35
0.21500000 8.5043083686e-14 8.0887827348e-35
0.22000000 8.6874951677e-14 1.3336148151e-34
0.22500000 8.8595797365e-14 2.1987591129e-34
0.23000000 9.0427665356e-14 3.6251409188e-34
0.23500000 9.2204022195e-14 5.9768469423e-34
0.24000000 9.4035890186e-14 9.8541546857e-34
0.24500000 9.6256336235e-14 1.6246754435e-33
0.25000000 9.8476782284e-14 2.6786369618e-33
0.25500000 1.0064171718e-13 4.4163257354e-33
0.26000000 1.0280665208e-13 7.2812901783e-33
0.26500000 1.0463852007e-13 1.2004817995e-32
0.27000000 1.0635936576e-13 1.9792598779e-32
0.27500000 1.0819123375e-13 3.2632478610e-32
0.28000000 1.0996759059e-13 5.3801861600e-32
0.28500000 1.1179945858e-13 8.8704273623e-32
0.29000000 1.1401990463e-13 1.4624862273e-31
0.29500000 1.1624035068e-13 2.4112321510e-31
0.30000000 1.1840528558e-13 3.9754497359e-31
0.30500000 1.2057022047e-13 6.5544085402e-31
0.31000000 1.2240208846e-13 1.0806392777e-30
0.31500000 1.2412293415e-13 1.7816729631e-30
0.32000000 1.2595480214e-13 2.9374821117e-30
0.32500000 1.2773115898e-13 4.8430892399e-30
0.33000000 1.2956302697e-13 7.9849042457e-30
0.33500000 1.3178347302e-13 1.3164881474e-29
0.34000000 1.3400391907e-13 2.1705220113e-29
0.34500000 1.3616885397e-13 3.5785858086e-29
0.35000000 1.3833378887e-13 5.9000905416e-29
0.35500000 1.4016565686e-13 9.7276047750e-29
0.36000000 1.4188650255e-13 1.6038108905e-28
0.36500000 1.4371837054e-13 2.6442371294e-28
0.37000000 1.4549472738e-13 4.3596100001e-28
0.37500000 1.4732659537e-13 7.1877817391e-28
0.38000000 1.4954704142e-13 1.1850648642e-27
0.38500000 1.5176748747e-13 1.9538416488e-27
0.39000000 1.5393242236e-13 3.2213402860e-27
0.39500000 1.5609735726e-13 5.3110922497e-27
0.40000000 1.5792922525e-13 8.7565107627e-27
0.40500000 1.5965007094e-13 1.4437045552e-26
0.41000000 1.6148193893e-13 2.3802664087e-26
0.41500000 1.6325829577e-13 3.9243958579e-26
0.42000000 1.6509016376e-13 6.4702349256e-26
0.42500000 1.6731060981e-13 1.0667613948e-25
0.43000000 1.6953105586e-13 1.7587922024e-25
0.43500000 1.7169599076e-13 2.8997581149e-25
0.44000000 1.7386092566e-13 4.7808928839e-25
0.44500000 1.7569279365e-13 7.8823597906e-25
0.45000000 1.7741363934e-13 1.2995814250e-24
0.45500000 1.7924550733e-13 2.1426475384e-24
0.46000000 1.8102186417e-13 3.5326285722e-24
0.46500000 1.8285373216e-13 5.8243198685e-24
0.47000000 1.8507417821e-13 9.6026800545e-24
0.47500000 1.8729462425e-13 1.5832142862e-23
0.48000000 1.8945955915e-13 2.6102790697e-23
0.48500000 1.9162449405e-13 4.3036226246e-23
0.49000000 1.9345636204e-13 7.0954741623e-23
0.49500000 1.9517720773e-13 1.1698459177e-22
0.50000000 1.9700907572e-13 1.9287498480e-22
0.50500000 1.9878543256e-13 3.1799709002e-22
0.51000000 2.0061730055e-13 5.2428856634e-22
0.51500000 2.0283774660e-13 8.6440571130e-22
0.52000000 2.0505819265e-13 1.4251640827e-21
0.52500000 2.0722312755e-13 2.3496983375e-21
0.53000000 2.0938806244e-13 3.8739976287e-21
0.53500000 2.1121993043e-13 6.3871422931e-21
0.54000000 2.1294077612e-13 1.0530617358e-20
0.54500000 2.1477264411e-13 1.7362052831e-20
0.55000000 2.1654900095e-13 2.8625185805e-20
0.55500000 2.1838086894e-13 4.7194952715e-20
0.56000000 2.2060131499e-13 7.7811322411e-20
0.56500000 2.2282176104e-13 1.2828918236e-19
0.57000000 2.2498669594e-13 2.1151310376e-19
0.57500000 2.2715163084e-13 3.4872615320e-19
0.58000000 2.2898349883e-13 5.7495222643e-19
0.58500000 2.3070434452e-13 9.4793596535e-19
0.59000000 2.3253621251e-13 1.5628821893e-18
0.59500000 2.3431256935e-13 2.5767571092e-18
0.60000000 2.3614443734e-13 4.2483542553e-18
0.60500000 2.3836488339e-13 7.0043520262e-18
0.61000000 2.4058532944e-13 1.1548224173e-17
0.61500000 2.4275026433e-13 1.9039802833e-17
0.62000000 2.4491519923e-13 3.1391327920e-17
0.62500000 2.4674706722e-13 5.1755550058e-17
0.63000000 2.4846791291e-13 8.5330476257e-17
0.63500000 2.5035529205e-13 1.4068617124e-16
0.64000000 2.5252022695e-13 2.3195228302e-16
0.64500000 2.5479618415e-13 3.8242466281e-16
0.65000000 2.5734969711e-13 6.3051167601e-16
0.65500000 2.6001423237e-13 1.0395380117e-15
0.66000000 2.6267876763e-13 1.7139084315e-15
0.66500000 2.6534330289e-13 2.8257572871e-15
0.67000000 2.6811886045e-13 4.6588861451e-15
0.67500000 2.7156055182e-13 7.6812046852e-15
0.68000000 2.7605695507e-13 1.2664165549e-14
0.68500000 2.8227420401e-13 2.0879679116e-14
0.69000000 2.9121149936e-13 3.4424771085e-14
0.69500000 3.0492275371e-13 5.6756852326e-14
0.70000000 3.2662761384e-13 9.3576229688e-14
0.70500000 3.6143310567e-13 1.5428112032e-13
0.71000000 4.1810999107e-13 2.5436656474e-13
0.71500000 5.1059156903e-13 4.1937956584e-13
0.72000000 6.6330274606e-13 6.9144001069e-13
0.72500000 9.1643359568e-13 1.1399918530e-12
0.73000000 1.3373746555e-12 1.8795288165e-12
0.73500000 2.0374257836e-12 3.0988191387e-12
0.74000000 3.2031599595e-12 5.1090890281e-12
0.74500000 5.1450510519e-12 8.4234637545e-12
0.75000000 8.3799633899e-12 1.3887943865e-11
0.75500000 1.3770595775e-11 2.2897348456e-11
0.76000000 2.2753687823e-11 3.7751345443e-11
0.76500000 3.7723879576e-11 6.2241446229e-11
0.77000000 6.2672866896e-11 1.0261879632e-10
0.77500000 1.0425327268e-10 1.6918979226e-10
0.78000000 1.7355250570e-10 2.7894680929e-10
0.78500000 2.8904956206e-10 4.5990553787e-10
0.79000000 4.8154347176e-10 7.5825604279e-10
0.79500000 8.0236517430e-10 1.2501528664e-09
0.80000000 1.3370668461e-09 2.0611536224e-09
0.80500000 2.2282351519e-09 3.3982678195e-09
0.81000000 3.7135146069e-09 5.6027964375e-09
0.81500000 6.1889786074e-09 9.2374496620e-09
0.82000000 1.0314750665e-08 1.5229979745e-08
0.82500000 1.7191035928e-08 2.5109991557e-08
0.83000000 2.8651509942e-08 4.1399377188e-08
0.83500000 4.7752298782e-08 6.8256033763e-08
0.84000000 7.9586945312e-08 1.1253517472e-07
0.84500000 1.3264468790e-07 1.8553913626e-07
0.85000000 2.2107425757e-07 3.0590232050e-07
0.85500000 3.6845687279e-07 5.0434766257e-07
0.86000000 6.1409456348e-07 8.3152871910e-07
0.86500000 1.0234907133e-06 1.3709590864e-06
0.87000000 1.7058176279e-06 2.2603294070e-06
0.87500000 2.8430291512e-06 3.7266531721e-06
0.88000000 4.7383816886e-06 6.1442123533e-06
0.88500000 7.8973025829e-06 1.0130093599e-05
0.89000000 1.3162170739e-05 1.6701700790e-05
0.89500000 2.1936950997e-05 2.7536449350e-05
0.90000000 3.6561584759e-05 4.5399929762e-05
0.90500000 6.0935974361e-05 7.4851829888e-05
0.91000000 1.0155995703e-04 1.2340980409e-04
0.91500000 1.6926659481e-04 2.0346836901e-04
0.92000000 2.8211099111e-04 3.3546262790e-04
0.92500000 4.7018498494e-04 5.5308437015e-04
0.93000000 7.8364164133e-04 9.1188196555e-04
0.93500000 1.3060694020e-03 1.5034391930e-03
0.94000000 2.1767823364e-03 2.4787521767e-03
0.94500000 3.6279705604e-03 4.0867714385e-03
0.95000000 6.0466176004e-03 6.7379469991e-03
0.95500000 1.0077696000e-02 1.1108996538e-02
0.96000000 1.6796160000e-02 1.8315638889e-02
0.96500000 2.7993600000e-02 3.0197383422e-02
0.97000000 4.6656000000e-02 4.9787068368e-02
0.97500000 7.7760000000e-02 8.2084998624e-02
0.98000000 1.2960000000e-01 1.3533528324e-01
0.98500000 2.1600000000e-01 2.2313016015e-01
0.99000000 3.6000000000e-01 3.6787944117e-01
0.99500000 6.0000000000e-01 6.0653065971e-01
