# 3.4 normal plate velocity: H=200 Pe=10 tau=0.8 walls=moment
# y/H  theta_num  theta_ana
0.00500000 2.3234597971e-06 2.3278098567e-06
0.01000000 4.7660713782e-06 4.7749690770e-06
0.01500000 7.3339450906e-06 7.3475968334e-06
0.02000000 1.0033504633e-05 1.0052126036e-05
0.02500000 1.2871503125e-05 1.2895319415e-05
0.03000000 1.5855040000e-05 1.5884286436e-05
0.03500000 1.8991578765e-05 1.9026501074e-05
0.04000000 2.2288965669e-05 2.2329820501e-05
0.04500000 2.5755449337e-05 2.5802504736e-05
0.05000000 2.9399701395e-05 2.9453237300e-05
0.05500000 3.3230838172e-05 3.3291146925e-05
0.06000000 3.7258443499e-05 3.7325830384e-05
0.06500000 4.1492592687e-05 4.1567376488e-05
0.07000000 4.5943877728e-05 4.6026391311e-05
0.07500000 5.0623433793e-05 5.0714024712e-05
0.08000000 5.5542967089e-05 5.5641998217e-05
0.08500000 6.0714784139e-05 6.0822634327e-05
0.09000000 6.6151822572e-05 6.6268887330e-05
0.09500000 7.1867683485e-05 7.1994375696e-05
0.10000000 7.7876665465e-05 7.8013416128e-05
0.10500000 8.4193800362e-05 8.4341059361e-05
0.11000000 9.0834890890e-05 9.0993127801e-05
0.11500000 9.7816550157e-05 9.7986255083e-05
0.12000000 1.0515624322e-04 1.0533792767e-04
0.12500000 1.1287233080e-04 1.1306652857e-04
0.13000000 1.2098411517e-04 1.2119138331e-04
0.13500000 1.2951188847e-04 1.2973280826e-04
0.14000000 1.3847698347e-04 1.3871216143e-04
0.14500000 1.4790182693e-04 1.4815189588e-04
0.15000000 1.5780999568e-04 1.5807561587e-04
0.15500000 1.6822627564e-04 1.6850813586e-04
0.16000000 1.7917672379e-04 1.7947554259e-04
0.16500000 1.9068873337e-04 1.9100526029e-04
0.17000000 2.0279110241e-04 2.0312611926e-04
0.17500000 2.1551410574e-04 2.1586842795e-04
0.18000000 2.2888957077e-04 2.2926404878e-04
0.18500000 2.4295095707e-04 2.4334647778e-04
0.19000000 2.5773344009e-04 2.5815092835e-04
0.19500000 2.7327399914e-04 2.7371441933e-04
0.20000000 2.8961150993e-04 2.9007586756e-04
0.20500000 3.0678684177e-04 3.0727618518e-04
0.21000000 3.2484295983e-04 3.2535838194e-04
0.21500000 3.4382503265e-04 3.4436767276e-04
0.22000000 3.6378054508e-04 3.6435159075e-04
0.22500000 3.8475941710e-04 3.8536010613e-04
0.23000000 4.0681412870e-04 4.0744575113e-04
0.23500000 4.2999985112e-04 4.3066375136e-04
0.24000000 4.5437458493e-04 4.5507216392e-04
0.24500000 4.7999930506e-04 4.8073202255e-04
0.25000000 5.0693811337e-04 5.0770749027e-04
0.25500000 5.3525839902e-04 5.3606601979e-04
0.26000000 5.6503100697e-04 5.6587852221e-04
0.26500000 5.9633041530e-04 5.9721954432e-04
0.27000000 6.2923492147e-04 6.3016745499e-04
0.27500000 6.6382683818e-04 6.6480464116e-04
0.28000000 7.0019269931e-04 7.0121771385e-04
0.28500000 7.3842347636e-04 7.3949772469e-04
0.29000000 7.7861480604e-04 7.7974039366e-04
0.29500000 8.2086722952e-04 8.2204634839e-04
0.30000000 8.6528644391e-04 8.6652137580e-04
0.30500000 9.1198356669e-04 9.1327668663e-04
0.31000000 9.6107541367e-04 9.6242919350e-04
0.31500000 1.0126847912e-03 1.0141018033e-03
0.32000000 1.0669408035e-03 1.0684237244e-03
0.32500000 1.1239791753e-03 1.1255307900e-03
0.33000000 1.1839425918e-03 1.1855657975e-03
0.33500000 1.2469810552e-03 1.2486788656e-03
0.34000000 1.3132522604e-03 1.3150278100e-03
0.34500000 1.3829219887e-03 1.3847785374e-03
0.35000000 1.4561645237e-03 1.4581054611e-03
0.35500000 1.5331630860e-03 1.5351919366e-03
0.36000000 1.6141102924e-03 1.6162307202e-03
0.36500000 1.6992086376e-03 1.7014244510e-03
0.37000000 1.7886710005e-03 1.7909861579e-03
0.37500000 1.8827211768e-03 1.8851397917e-03
0.38000000 1.9815944389e-03 1.9841207855e-03
0.38500000 2.0855381247e-03 2.0881766433e-03
0.39000000 2.1948122559e-03 2.1975675591e-03
0.39500000 2.3096901886e-03 2.3125670671e-03
0.40000000 2.4304592972e-03 2.4334627259e-03
0.40500000 2.5574216934e-03 2.5605568377e-03
0.41000000 2.6908949816e-03 2.6941672040e-03
0.41500000 2.8312130538e-03 2.8346279202e-03
0.42000000 2.9787269245e-03 2.9822902114e-03
0.42500000 3.1338056089e-03 3.1375233101e-03
0.43000000 3.2968370463e-03 3.3007153800e-03
0.43500000 3.4682290702e-03 3.4722744862e-03
0.44000000 3.6484104285e-03 3.6526296158e-03
0.44500000 3.8378318564e-03 3.8422317508e-03
0.45000000 4.0369672036e-03 4.0415549950e-03
0.45500000 4.2463146198e-03 4.2510977605e-03
0.46000000 4.4663978008e-03 4.4713840134e-03
0.46500000 4.6977672987e-03 4.7029645839e-03
0.47000000 4.9410018989e-03 4.9464185442e-03
0.47500000 5.1967100682e-03 5.2023546560e-03
0.48000000 5.4655314769e-03 5.4714128928e-03
0.48500000 5.7481385988e-03 5.7542660404e-03
0.49000000 6.0452383934e-03 6.0516213789e-03
0.49500000 6.3575740748e-03 6.3642224517e-03
0.50000000 6.6859269705e-03 6.6928509243e-03
0.50500000 7.0311184762e-03 7.0383285389e-03
0.51000000 7.3940121102e-03 7.4015191696e-03
0.51500000 7.7755156740e-03 7.7833309821e-03
0.52000000 8.1765835230e-03 8.1847187049e-03
0.52500000 8.5982189538e-03 8.6066860163e-03
0.53000000 9.0414767143e-03 9.0502880544e-03
0.53500000 9.5074656419e-03 9.5166340553e-03
0.54000000 9.9973514374e-03 1.0006890127e-02
0.54500000 1.0512359581e-02 1.0522282165e-02
0.55000000 1.1053778399e-02 1.1064098918e-02
0.55500000 1.1622962284e-02 1.1633695210e-02
0.56000000 1.2221335086e-02 1.2232495328e-02
0.56500000 1.2850393673e-02 1.2861996584e-02
0.57000000 1.3511711674e-02 1.3523773061e-02
0.57500000 1.4206943419e-02 1.4219479543e-02
0.58000000 1.4937828073e-02 1.4950855659e-02
0.58500000 1.5706193992e-02 1.5719730230e-02
0.59000000 1.6513963291e-02 1.6528025843e-02
0.59500000 1.7363156656e-02 1.7377763659e-02
0.60000000 1.8255898399e-02 1.8271068464e-02
0.60500000 1.9194421769e-02 1.9210173986e-02
0.61000000 2.0181074543e-02 2.0197428478e-02
0.61500000 2.1218324895e-02 2.1235300590e-02
0.62000000 2.2308767572e-02 2.2326385543e-02
0.62500000 2.3455130387e-02 2.3473411617e-02
0.63000000 2.4660281038e-02 2.4679246977e-02
0.63500000 2.5927234286e-02 2.5946906837e-02
0.64000000 2.7259159495e-02 2.7279561008e-02
0.64500000 2.8659388561e-02 2.8680541819e-02
0.65000000 3.0131424245e-02 3.0153352453e-02
0.65500000 3.1678948939e-02 3.1701675702e-02
0.66000000 3.3305833873e-02 3.3329383182e-02
0.66500000 3.5016148804e-02 3.5040545009e-02
0.67000000 3.6814172192e-02 3.6839439979e-02
0.67500000 3.8704401907e-02 3.8730566267e-02
0.68000000 4.0691566480e-02 4.0718652673e-02
0.68500000 4.2780636928e-02 4.2808670448e-02
0.69000000 4.4976839193e-02 4.5005845726e-02
0.69500000 4.7285667215e-02 4.7315672590e-02
0.70000000 4.9712896674e-02 4.9743926809e-02
0.70500000 5.2264599438e-02 5.2296680284e-02
0.71000000 5.4947158755e-02 5.4980316229e-02
0.71500000 5.7767285215e-02 5.7801545131e-02
0.72000000 6.0732033544e-02 6.0767421532e-02
0.72500000 6.3848820250e-02 6.3885361668e-02
0.73000000 6.7125442170e-02 6.7163162013e-02
0.73500000 7.0570095984e-02 7.0609018775e-02
0.74000000 7.4191398711e-02 7.4231548392e-02
0.74500000 7.7998409269e-02 7.8039809073e-02
0.75000000 8.2000651138e-02 8.2043323455e-02
0.75500000 8.6208136180e-02 8.6252102409e-02
0.76000000 9.0631389685e-02 9.0676670074e-02
0.76500000 9.5281476702e-02 9.5328090174e-02
0.77000000 1.0017002972e-01 1.0021799368e-01
0.77500000 1.0530927776e-01 1.0535860791e-01
0.78000000 1.1071207699e-01 1.1076278706e-01
0.78500000 1.1639194284e-01 1.1644404440e-01
0.79000000 1.2236308387e-01 1.2241658603e-01
0.79500000 1.2864043725e-01 1.2869534642e-01
0.80000000 1.3523970619e-01 1.3529602574e-01
0.80500000 1.4217739918e-01 1.4223512912e-01
0.81000000 1.4947087130e-01 1.4953000794e-01
0.81500000 1.5713836763e-01 1.5719890320e-01
0.82000000 1.6519906890e-01 1.6526099113e-01
0.82500000 1.7367313946e-01 1.7373643114e-01
0.83000000 1.8258177774e-01 1.8264641626e-01
0.83500000 1.9194726927e-01 1.9201322608e-01
0.84000000 2.0179304242e-01 2.0186028251e-01
0.84500000 2.1214372700e-01 2.1221220832e-01
0.85000000 2.2302521593e-01 2.2309488871e-01
0.85500000 2.3446472993e-01 2.3453553606e-01
0.86000000 2.4649088567e-01 2.4656275794e-01
0.86500000 2.5913376735e-01 2.5920662868e-01
0.87000000 2.7242500193e-01 2.7249876453e-01
0.87500000 2.8639783829e-01 2.8647240276e-01
0.88000000 3.0108723035e-01 3.0116248474e-01
0.88500000 3.1652992458e-01 3.1660574333e-01
0.89000000 3.3276455184e-01 3.3284079472e-01
0.89500000 3.4983172408e-01 3.4990823499e-01
0.90000000 3.6777413593e-01 3.6785074164e-01
0.90500000 3.8663667147e-01 3.8671318028e-01
0.91000000 4.0646651651e-01 4.0654271682e-01
0.91500000 4.2731327669e-01 4.2738893545e-01
0.92000000 4.4922910150e-01 4.4930396256e-01
0.92500000 4.7226881475e-01 4.7234259713e-01
0.93000000 4.9649005176e-01 4.9656244776e-01
0.93500000 5.2195340349e-01 5.2202407669e-01
0.94000000 5.4872256813e-01 5.4879115124e-01
0.94500000 5.7686451044e-01 5.7693060306e-01
0.95000000 6.0644962928e-01 6.0651279542e-01
0.95500000 6.3755193370e-01 6.3761169922e-01
0.96000000 6.7024922809e-01 6.7030507791e-01
0.96500000 7.0462330681e-01 7.0467468197e-01
0.97000000 7.4076015879e-01 7.4080645331e-01
0.97500000 7.7875018268e-01 7.7879074019e-01
0.98000000 8.1868841291e-01 8.1872252309e-01
0.98500000 8.6067475752e-01 8.6070165229e-01
0.99000000 9.0481424800e-01 9.0483309747e-01
0.99500000 9.5121730210e-01 9.5122721022e-01
