# 3.4 normal plate velocity: H=200 Pe=100 tau=0.8 walls=abb
# y/H  theta_num  theta_ana
0.00250000 9.4368957093e-16 1.0565961292e-44
0.00750000 2.9420910153e-15 4.1553249270e-44
0.01250000 5.1070259133e-15 9.2642650081e-44
0.01750000 6.9388939039e-15 1.7687483191e-43
0.02250000 8.6597395921e-15 3.1575022176e-43
0.02750000 1.0491607583e-14 5.4471703098e-43
0.03250000 1.2378986725e-14 9.2221947963e-43
0.03750000 1.4488410471e-14 1.5446157965e-42
0.04250000 1.6653345369e-14 2.5707738428e-42
0.04750000 1.8596235662e-14 4.2626224410e-42
0.05250000 2.0705659409e-14 7.0520092116e-42
0.05750000 2.2870594307e-14 1.1650930512e-41
0.06250000 2.4702462298e-14 1.9233269883e-41
0.06750000 2.6423307986e-14 3.1734434086e-41
0.07250000 2.8255175977e-14 5.2345369415e-41
0.07750000 3.0031532816e-14 8.6327056902e-41
0.08250000 3.1863400807e-14 1.4235338788e-40
0.08750000 3.3584246495e-14 2.3472519147e-40
0.09250000 3.5305092183e-14 3.8702054887e-40
0.09750000 3.7136960174e-14 6.3811314405e-40
0.10250000 3.8913317013e-14 1.0520948466e-39
0.10750000 4.0745185004e-14 1.7346352854e-39
0.11250000 4.2965631053e-14 2.8599542248e-39
0.11750000 4.5186077102e-14 4.7152914966e-39
0.12250000 4.7351012000e-14 7.7742255209e-39
0.12750000 4.9515946898e-14 1.2817555112e-38
0.13250000 5.1347814889e-14 2.1132599885e-38
0.13750000 5.3068660577e-14 3.4841791069e-38
0.14250000 5.4900528568e-14 5.7444426177e-38
0.14750000 5.6676885407e-14 9.4709871454e-38
0.15250000 5.8508753398e-14 1.5615020374e-37
0.15750000 6.0729199447e-14 2.5744818647e-37
0.16250000 6.2949645496e-14 4.2446032527e-37
0.16750000 6.5114580394e-14 6.9981679098e-37
0.17250000 6.7279515292e-14 1.1538028530e-36
0.17750000 6.9111383283e-14 1.9022993301e-36
0.18250000 7.0832228971e-14 3.1363613929e-36
0.18750000 7.2664096962e-14 5.1709857652e-36
0.19250000 7.4440453801e-14 8.5255142457e-36
0.19750000 7.6272321792e-14 1.4056196705e-35
0.20250000 7.8492767841e-14 2.3174750516e-35
0.20750000 8.0713213890e-14 3.8208704143e-35
0.21250000 8.2878148788e-14 6.2995503271e-35
0.21750000 8.5043083686e-14 1.0386202623e-34
0.22250000 8.6874951677e-14 1.7123953188e-34
0.22750000 8.8595797365e-14 2.8232625862e-34
0.23250000 9.0427665356e-14 4.6547730789e-34
0.23750000 9.2204022195e-14 7.6744233857e-34
0.24250000 9.4035890186e-14 1.2652985077e-33
0.24750000 9.6256336235e-14 2.0861245634e-33
0.25250000 9.8476782284e-14 3.4394379410e-33
0.25750000 1.0064171718e-13 5.6706744926e-33
0.26250000 1.0280665208e-13 9.3493616552e-33
0.26750000 1.0463852007e-13 1.5414491428e-32
0.27250000 1.0635936576e-13 2.5414199895e-32
0.27750000 1.0819123375e-13 4.1900931945e-32
0.28250000 1.0996759059e-13 6.9082957760e-32
0.28750000 1.1179945858e-13 1.1389854190e-31
0.29250000 1.1401990463e-13 1.8778694873e-31
0.29750000 1.1624035068e-13 3.0960833674e-31
0.30250000 1.1840528558e-13 5.1045785037e-31
0.30750000 1.2057022047e-13 8.4160271570e-31
0.31250000 1.2240208846e-13 1.3875682988e-30
0.31750000 1.2412293415e-13 2.2877133689e-30
0.32250000 1.2595480214e-13 3.7718016925e-30
0.32750000 1.2773115898e-13 6.2186496793e-30
0.33250000 1.2956302697e-13 1.0252820001e-29
0.33750000 1.3178347302e-13 1.6904042421e-29
0.34250000 1.3400391907e-13 2.7870054300e-29
0.34750000 1.3616885397e-13 4.5949951340e-29
0.35250000 1.3833378887e-13 7.5758662162e-29
0.35750000 1.4016565686e-13 1.2490491775e-28
0.36250000 1.4188650255e-13 2.0593339470e-28
0.36750000 1.4371837054e-13 3.3952676819e-28
0.37250000 1.4549472738e-13 5.5978500469e-28
0.37750000 1.4732659537e-13 9.2292944426e-28
0.38250000 1.4954704142e-13 1.5216534061e-27
0.38750000 1.5176748747e-13 2.5087823373e-27
0.39250000 1.5393242236e-13 4.1362828030e-27
0.39750000 1.5609735726e-13 6.8195774390e-27
0.40250000 1.5792922525e-13 1.1243582381e-26
0.40750000 1.5965007094e-13 1.8537533430e-26
0.41250000 1.6148193893e-13 3.0563225673e-26
0.41750000 1.6325829577e-13 5.0390240267e-26
0.42250000 1.6509016376e-13 8.3079460965e-26
0.42750000 1.6731060981e-13 1.3697487445e-25
0.43250000 1.6953105586e-13 2.2583338906e-25
0.43750000 1.7169599076e-13 3.7233631218e-25
0.44250000 1.7386092566e-13 6.1387879774e-25
0.44750000 1.7569279365e-13 1.0121150315e-24
0.45250000 1.7741363934e-13 1.6686955808e-24
0.45750000 1.7924550733e-13 2.7512138983e-24
0.46250000 1.8102186417e-13 4.5359848744e-24
0.46750000 1.8285373216e-13 7.4785747460e-24
0.47250000 1.8507417821e-13 1.2330085258e-23
0.47750000 1.8729462425e-13 2.0328873835e-23
0.48250000 1.8945955915e-13 3.3516646701e-23
0.48750000 1.9162449405e-13 5.5259608339e-23
0.49250000 1.9345636204e-13 9.1107691678e-23
0.49750000 1.9517720773e-13 1.5021118919e-22
0.50250000 1.9700907572e-13 2.4765638272e-22
0.50750000 1.9878543256e-13 4.0831634602e-22
0.51250000 2.0061730055e-13 6.7319984485e-22
0.51750000 2.0283774660e-13 1.1099189036e-21
0.52250000 2.0505819265e-13 1.8299469052e-21
0.52750000 2.0722312755e-13 3.0170723868e-21
0.53250000 2.0938806244e-13 4.9743114194e-21
0.53750000 2.1121993043e-13 8.2012530443e-21
0.54250000 2.1294077612e-13 1.3521580341e-20
0.54750000 2.1477264411e-13 2.2293317121e-20
0.55250000 2.1654900095e-13 3.6755466132e-20
0.55750000 2.1838086894e-13 6.0599518826e-20
0.56250000 2.2060131499e-13 9.9911715682e-20
0.56750000 2.2282176104e-13 1.6472657084e-19
0.57250000 2.2498669594e-13 2.7158820119e-19
0.57750000 2.2715163084e-13 4.4777324417e-19
0.58250000 2.2898349883e-13 7.3825327212e-19
0.58750000 2.3070434452e-13 1.2171738729e-18
0.59250000 2.3253621251e-13 2.0067804544e-18
0.59750000 2.3431256935e-13 3.3086216208e-18
0.60250000 2.3614443734e-13 5.4549948429e-18
0.60750000 2.3836488339e-13 8.9937660290e-18
0.61250000 2.4058532944e-13 1.4828213356e-17
0.61750000 2.4275026433e-13 2.4447590766e-17
0.62250000 2.4491519923e-13 4.0307262913e-17
0.62750000 2.4674706722e-13 6.6455441729e-17
0.63250000 2.4846791291e-13 1.0956650033e-16
0.63750000 2.5035529205e-13 1.8064461965e-16
0.64250000 2.5252022695e-13 2.9783262686e-16
0.64750000 2.5479618415e-13 4.9104298702e-16
0.65250000 2.5734969711e-13 8.0959301752e-16
0.65750000 2.6001423237e-13 1.3347932286e-15
0.66250000 2.6267876763e-13 2.2007019880e-15
0.66750000 2.6545432519e-13 3.6283441780e-15
0.67250000 2.6889601656e-13 5.9821282238e-15
0.67750000 2.7300384176e-13 9.8628620466e-15
0.68250000 2.7866597918e-13 1.6261110446e-14
0.68750000 2.8665958496e-13 2.6810038678e-14
0.69250000 2.9820590441e-13 4.4202281036e-14
0.69750000 3.1596947281e-13 7.2877240958e-14
0.70250000 3.4405811533e-13 1.2015425732e-13
0.70750000 3.8968828164e-13 1.9810087980e-13
0.71250000 4.6429526890e-13 3.2661313428e-13
0.71750000 5.8691940197e-13 5.3849402178e-13
0.72250000 7.8992368202e-13 8.8782654785e-13
0.72750000 1.1269873923e-12 1.4637785141e-12
0.73250000 1.6874279751e-12 2.4133627718e-12
0.73750000 2.6204038939e-12 3.9789625358e-12
0.74250000 4.1742165280e-12 6.5602001682e-12
0.74750000 6.7625349764e-12 1.0815941557e-11
0.75250000 1.1075418360e-11 1.7832472908e-11
0.75750000 1.8262169554e-11 2.9400777393e-11
0.76250000 3.0238811455e-11 4.8473687063e-11
0.76750000 5.0198734058e-11 7.9919598930e-11
0.77250000 8.3463680411e-11 1.3176514270e-10
0.77750000 1.3890338879e-10 2.1724399351e-10
0.78250000 2.3130153348e-10 3.5817479303e-10
0.78750000 3.8529701651e-10 5.9053039989e-10
0.79250000 6.4195476712e-10 9.7362003130e-10
0.79750000 1.0697162600e-09 1.6052280552e-09
0.80250000 1.7826511933e-09 2.6465736389e-09
0.80750000 2.9708749349e-09 4.3634622529e-09
0.81250000 4.9512464129e-09 7.1941330303e-09
0.81750000 8.2518640254e-09 1.1861120151e-08
0.82250000 1.3752892436e-08 1.9555681088e-08
0.82750000 2.2921271825e-08 3.2241867373e-08
0.83250000 3.8201902863e-08 5.3157852544e-08
0.83750000 6.3669620132e-08 8.7642482194e-08
0.84250000 1.0611581458e-07 1.4449802461e-07
0.84750000 1.7685947090e-07 2.3823696675e-07
0.85250000 2.9476556340e-07 3.9278635455e-07
0.85750000 4.9127571639e-07 6.4759521758e-07
0.86250000 8.1879263664e-07 1.0677040100e-06
0.86750000 1.3646541690e-06 1.7603463122e-06
0.87250000 2.2744233878e-06 2.9023204087e-06
0.87750000 3.7907054179e-06 4.7851173921e-06
0.88250000 6.3178421337e-06 7.8893248272e-06
0.88750000 1.0529736658e-05 1.3007297654e-05
0.89250000 1.7549560865e-05 2.1445408317e-05
0.89750000 2.9249267875e-05 3.5357500850e-05
0.90250000 4.8748779558e-05 5.8294663731e-05
0.90750000 8.1247965694e-05 9.6111652061e-05
0.91250000 1.3541327592e-04 1.5846132512e-04
0.91750000 2.2568879296e-04 2.6125855730e-04
0.92250000 3.7614798803e-04 4.3074254058e-04
0.92750000 6.2691331313e-04 7.1017438884e-04
0.93250000 1.0448555216e-03 1.1708796208e-03
0.93750000 1.7414258692e-03 1.9304541362e-03
0.94250000 2.9023764484e-03 3.1827807965e-03
0.94750000 4.8372940804e-03 5.2475183992e-03
0.95250000 8.0621568004e-03 8.6516952031e-03
0.95750000 1.3436928000e-02 1.4264233909e-02
0.96250000 2.2394880000e-02 2.3517745856e-02
0.96750000 3.7324800000e-02 3.8774207832e-02
0.97250000 6.2208000000e-02 6.3927861207e-02
0.97750000 1.0368000000e-01 1.0539922456e-01
0.98250000 1.7280000000e-01 1.7377394345e-01
0.98750000 2.8800000000e-01 2.8650479686e-01
0.99250000 4.8000000000e-01 4.7236655274e-01
0.99750000 8.0000000000e-01 7.7880078307e-01
