# 3.4 normal plate velocity: H=200 Pe=1 tau=0.8 walls=moment
# y/H  theta_num  theta_ana
0.00500000 2.9171668696e-03 2.9171703829e-03
0.01000000 5.8489561295e-03 5.8489631431e-03
0.01500000 8.7954410750e-03 8.7954515758e-03
0.02000000 1.1756695369e-02 1.1756709343e-02
0.02500000 1.4732793042e-02 1.4732810477e-02
0.03000000 1.7723808498e-02 1.7723829380e-02
0.03500000 2.0729816513e-02 2.0729840827e-02
0.04000000 2.3750892237e-02 2.3750919969e-02
0.04500000 2.6787111198e-02 2.6787142334e-02
0.05000000 2.9838549302e-02 2.9838583826e-02
0.05500000 3.2905282835e-02 3.2905320733e-02
0.06000000 3.5987388465e-02 3.5987429723e-02
0.06500000 3.9084943247e-02 3.9084987848e-02
0.07000000 4.2198024619e-02 4.2198072547e-02
0.07500000 4.5326710408e-02 4.5326761649e-02
0.08000000 4.8471078834e-02 4.8471133370e-02
0.08500000 5.1631208504e-02 5.1631266320e-02
0.09000000 5.4807178424e-02 5.4807239503e-02
0.09500000 5.7999067992e-02 5.7999132317e-02
0.10000000 6.1206957006e-02 6.1207024560e-02
0.10500000 6.4430925665e-02 6.4430996430e-02
0.11000000 6.7671054567e-02 6.7671128527e-02
0.11500000 7.0927424717e-02 7.0927501853e-02
0.12000000 7.4200117525e-02 7.4200197818e-02
0.12500000 7.7489214807e-02 7.7489298241e-02
0.13000000 8.0794798793e-02 8.0794885347e-02
0.13500000 8.4116952122e-02 8.4117041778e-02
0.14000000 8.7455757849e-02 8.7455850588e-02
0.14500000 9.0811299443e-02 9.0811395246e-02
0.15000000 9.4183660796e-02 9.4183759642e-02
0.15500000 9.7572926214e-02 9.7573028084e-02
0.16000000 1.0097918043e-01 1.0097928531e-01
0.16500000 1.0440250861e-01 1.0440261646e-01
0.17000000 1.0784299632e-01 1.0784310714e-01
0.17500000 1.1130072959e-01 1.1130084335e-01
0.18000000 1.1477579485e-01 1.1477591153e-01
0.18500000 1.1826827898e-01 1.1826839856e-01
0.19000000 1.2177826930e-01 1.2177839176e-01
0.19500000 1.2530585356e-01 1.2530597887e-01
0.20000000 1.2885111995e-01 1.2885124809e-01
0.20500000 1.3241415709e-01 1.3241428804e-01
0.21000000 1.3599505407e-01 1.3599518780e-01
0.21500000 1.3959390041e-01 1.3959403690e-01
0.22000000 1.4321078607e-01 1.4321092530e-01
0.22500000 1.4684580149e-01 1.4684594344e-01
0.23000000 1.5049903754e-01 1.5049918218e-01
0.23500000 1.5417058555e-01 1.5417073285e-01
0.24000000 1.5786053730e-01 1.5786068725e-01
0.24500000 1.6156898506e-01 1.6156913762e-01
0.25000000 1.6529602153e-01 1.6529617667e-01
0.25500000 1.6904173988e-01 1.6904189759e-01
0.26000000 1.7280623376e-01 1.7280639401e-01
0.26500000 1.7658959729e-01 1.7658976005e-01
0.27000000 1.8039192504e-01 1.8039209028e-01
0.27500000 1.8421331209e-01 1.8421347978e-01
0.28000000 1.8805385395e-01 1.8805402408e-01
0.28500000 1.9191364665e-01 1.9191381918e-01
0.29000000 1.9579278668e-01 1.9579296158e-01
0.29500000 1.9969137103e-01 1.9969154827e-01
0.30000000 2.0360949715e-01 2.0360967670e-01
0.30500000 2.0754726299e-01 2.0754744484e-01
0.31000000 2.1150476702e-01 2.1150495112e-01
0.31500000 2.1548210815e-01 2.1548229448e-01
0.32000000 2.1947938584e-01 2.1947957436e-01
0.32500000 2.2349670000e-01 2.2349689068e-01
0.33000000 2.2753415107e-01 2.2753434389e-01
0.33500000 2.3159184000e-01 2.3159203492e-01
0.34000000 2.3566986822e-01 2.3567006521e-01
0.34500000 2.3976833768e-01 2.3976853671e-01
0.35000000 2.4388735085e-01 2.4388755189e-01
0.35500000 2.4802701070e-01 2.4802721371e-01
0.36000000 2.5218742072e-01 2.5218762568e-01
0.36500000 2.5636868494e-01 2.5636889179e-01
0.37000000 2.6057090786e-01 2.6057111659e-01
0.37500000 2.6479419457e-01 2.6479440513e-01
0.38000000 2.6903865063e-01 2.6903886300e-01
0.38500000 2.7330438215e-01 2.7330459629e-01
0.39000000 2.7759149580e-01 2.7759171166e-01
0.39500000 2.8190009873e-01 2.8190031629e-01
0.40000000 2.8623029867e-01 2.8623051789e-01
0.40500000 2.9058220387e-01 2.9058242471e-01
0.41000000 2.9495592313e-01 2.9495614556e-01
0.41500000 2.9935156580e-01 2.9935178978e-01
0.42000000 3.0376924176e-01 3.0376946725e-01
0.42500000 3.0820906147e-01 3.0820928843e-01
0.43000000 3.1267113590e-01 3.1267136430e-01
0.43500000 3.1715557663e-01 3.1715580641e-01
0.44000000 3.2166249576e-01 3.2166272689e-01
0.44500000 3.2619200595e-01 3.2619223840e-01
0.45000000 3.3074422046e-01 3.3074445419e-01
0.45500000 3.3531925309e-01 3.3531948804e-01
0.46000000 3.3991721821e-01 3.3991745436e-01
0.46500000 3.4453823078e-01 3.4453846807e-01
0.47000000 3.4918240632e-01 3.4918264471e-01
0.47500000 3.5384986093e-01 3.5385010038e-01
0.48000000 3.5854071130e-01 3.5854095177e-01
0.48500000 3.6325507471e-01 3.6325531616e-01
0.49000000 3.6799306901e-01 3.6799331139e-01
0.49500000 3.7275481266e-01 3.7275505592e-01
0.50000000 3.7754042469e-01 3.7754066880e-01
0.50500000 3.8235002476e-01 3.8235026966e-01
0.51000000 3.8718373310e-01 3.8718397874e-01
0.51500000 3.9204167055e-01 3.9204191690e-01
0.52000000 3.9692395856e-01 3.9692420557e-01
0.52500000 4.0183071920e-01 4.0183096681e-01
0.53000000 4.0676207512e-01 4.0676232329e-01
0.53500000 4.1171814963e-01 4.1171839831e-01
0.54000000 4.1669906661e-01 4.1669931575e-01
0.54500000 4.2170495059e-01 4.2170520015e-01
0.55000000 4.2673592673e-01 4.2673617664e-01
0.55500000 4.3179212078e-01 4.3179237101e-01
0.56000000 4.3687365918e-01 4.3687390966e-01
0.56500000 4.4198066894e-01 4.4198091963e-01
0.57000000 4.4711327774e-01 4.4711352859e-01
0.57500000 4.5227161391e-01 4.5227186486e-01
0.58000000 4.5745580640e-01 4.5745605740e-01
0.58500000 4.6266598482e-01 4.6266623581e-01
0.59000000 4.6790227942e-01 4.6790253035e-01
0.59500000 4.7316482111e-01 4.7316507193e-01
0.60000000 4.7845374145e-01 4.7845399211e-01
0.60500000 4.8376917268e-01 4.8376942311e-01
0.61000000 4.8911124767e-01 4.8911149781e-01
0.61500000 4.9448009997e-01 4.9448034978e-01
0.62000000 4.9987586382e-01 4.9987611323e-01
0.62500000 5.0529867410e-01 5.0529892306e-01
0.63000000 5.1074866639e-01 5.1074891483e-01
0.63500000 5.1622597694e-01 5.1622622481e-01
0.64000000 5.2173074268e-01 5.2173098991e-01
0.64500000 5.2726310122e-01 5.2726334776e-01
0.65000000 5.3282319089e-01 5.3282343667e-01
0.65500000 5.3841115068e-01 5.3841139565e-01
0.66000000 5.4402712030e-01 5.4402736438e-01
0.66500000 5.4967124013e-01 5.4967148328e-01
0.67000000 5.5534365130e-01 5.5534389344e-01
0.67500000 5.6104449560e-01 5.6104473667e-01
0.68000000 5.6677391557e-01 5.6677415550e-01
0.68500000 5.7253205443e-01 5.7253229316e-01
0.69000000 5.7831905614e-01 5.7831929360e-01
0.69500000 5.8413506538e-01 5.8413530151e-01
0.70000000 5.8998022755e-01 5.8998046227e-01
0.70500000 5.9585468877e-01 5.9585492203e-01
0.71000000 6.0175859592e-01 6.0175882764e-01
0.71500000 6.0769209659e-01 6.0769232670e-01
0.72000000 6.1365533911e-01 6.1365556754e-01
0.72500000 6.1964847257e-01 6.1964869926e-01
0.73000000 6.2567164681e-01 6.2567187167e-01
0.73500000 6.3172501239e-01 6.3172523536e-01
0.74000000 6.3780872066e-01 6.3780894167e-01
0.74500000 6.4392292370e-01 6.4392314267e-01
0.75000000 6.5006777438e-01 6.5006799124e-01
0.75500000 6.5624342632e-01 6.5624364099e-01
0.76000000 6.6245003390e-01 6.6245024631e-01
0.76500000 6.6868775230e-01 6.6868796237e-01
0.77000000 6.7495673746e-01 6.7495694512e-01
0.77500000 6.8125714610e-01 6.8125735127e-01
0.78000000 6.8758913574e-01 6.8758933833e-01
0.78500000 6.9395286467e-01 6.9395306462e-01
0.79000000 7.0034849200e-01 7.0034868921e-01
0.79500000 7.0677617760e-01 7.0677637201e-01
0.80000000 7.1323608218e-01 7.1323627370e-01
0.80500000 7.1972836724e-01 7.1972855578e-01
0.81000000 7.2625319508e-01 7.2625338056e-01
0.81500000 7.3281072882e-01 7.3281091116e-01
0.82000000 7.3940113241e-01 7.3940131153e-01
0.82500000 7.4602457060e-01 7.4602474641e-01
0.83000000 7.5268120898e-01 7.5268138139e-01
0.83500000 7.5937121397e-01 7.5937138290e-01
0.84000000 7.6609475281e-01 7.6609491818e-01
0.84500000 7.7285199361e-01 7.7285215532e-01
0.85000000 7.7964310529e-01 7.7964326325e-01
0.85500000 7.8646825763e-01 7.8646841175e-01
0.86000000 7.9332762126e-01 7.9332777146e-01
0.86500000 8.0022136766e-01 8.0022151384e-01
0.87000000 8.0714966918e-01 8.0714981126e-01
0.87500000 8.1411269904e-01 8.1411283690e-01
0.88000000 8.2111063129e-01 8.2111076486e-01
0.88500000 8.2814364090e-01 8.2814377008e-01
0.89000000 8.3521190370e-01 8.3521202839e-01
0.89500000 8.4231559638e-01 8.4231571649e-01
0.90000000 8.4945489654e-01 8.4945501197e-01
0.90500000 8.5662998267e-01 8.5663009332e-01
0.91000000 8.6384103414e-01 8.6384113991e-01
0.91500000 8.7108823124e-01 8.7108833203e-01
0.92000000 8.7837175513e-01 8.7837185084e-01
0.92500000 8.8569178792e-01 8.8569187845e-01
0.93000000 8.9304851260e-01 8.9304859785e-01
0.93500000 9.0044211310e-01 9.0044219296e-01
0.94000000 9.0787277425e-01 9.0787284862e-01
0.94500000 9.1534068182e-01 9.1534075059e-01
0.95000000 9.2284602251e-01 9.2284608558e-01
0.95500000 9.3038898395e-01 9.3038904122e-01
0.96000000 9.3796975473e-01 9.3796980608e-01
0.96500000 9.4558852436e-01 9.4558856968e-01
0.97000000 9.5324548331e-01 9.5324552249e-01
0.97500000 9.6094082300e-01 9.6094085594e-01
0.98000000 9.6867473583e-01 9.6867476241e-01
0.98500000 9.7644741514e-01 9.7644743524e-01
0.99000000 9.8425905524e-01 9.8425906876e-01
0.99500000 9.9210985144e-01 9.9210985826e-01
